0 2.637291e-09
1 1.959125e-09
2 1.424077e-09
3 1.019129e-09
4 7.284108e-10
5 5.250198e-10
6 3.826949e-10
7 2.824152e-10
8 2.100877e-10
9 1.563307e-10
10 1.153290e-10
11 8.361289e-11
12 5.914861e-11
13 4.061216e-11
14 2.698418e-11
15 1.733695e-11
16 1.078757e-11
17 6.521490e-12
18 3.846392e-12
19 2.223582e-12
20 1.265465e-12
21 0.000000e+00
22 0.000000e+00
23 0.000000e+00
24 0.000000e+00
25 4.359837e-09
26 3.293666e-09
27 2.430585e-09
28 1.752216e-09
29 1.247141e-09
30 8.901563e-10
31 6.412988e-10
32 4.678101e-10
33 3.455763e-10
34 2.571092e-10
35 1.910573e-10
36 1.404941e-10
37 1.013486e-10
38 7.122803e-11
39 4.853258e-11
40 3.197870e-11
41 2.037249e-11
42 1.257289e-11
43 7.543488e-12
44 4.419663e-12
45 2.540581e-12
46 0.000000e+00
47 0.000000e+00
48 0.000000e+00
49 0.000000e+00
50 5.023719e-09
51 3.815589e-09
52 2.831222e-09
53 2.050498e-09
54 1.461077e-09
55 1.040260e-09
56 7.468607e-10
57 5.425995e-10
58 3.993916e-10
59 2.966244e-10
60 2.205386e-10
61 1.626429e-10
62 1.179220e-10
63 8.343074e-11
64 5.728927e-11
65 3.806506e-11
66 2.445226e-11
67 1.520716e-11
68 9.185735e-12
69 5.411708e-12
70 3.124138e-12
71 0.000000e+00
72 0.000000e+00
73 0.000000e+00
74 0.000000e+00
75 5.402580e-09
76 4.114120e-09
77 3.060695e-09
78 2.221679e-09
79 1.583965e-09
80 1.126750e-09
81 8.077000e-10
82 5.855962e-10
83 4.303243e-10
84 3.192841e-10
85 2.373971e-10
86 1.753025e-10
87 1.273832e-10
88 9.040185e-11
89 6.230902e-11
90 4.155990e-11
91 2.680123e-11
92 1.672775e-11
93 1.013581e-11
94 5.986831e-12
95 3.463023e-12
96 0.000000e+00
97 0.000000e+00
98 0.000000e+00
99 0.000000e+00
100 5.650255e-09
101 4.309258e-09
102 3.210533e-09
103 2.333439e-09
104 1.664313e-09
105 1.183235e-09
106 8.473579e-10
107 6.137200e-10
108 4.505365e-10
109 3.340943e-10
110 2.484394e-10
111 1.835801e-10
112 1.335844e-10
113 9.496820e-11
114 6.558843e-11
115 4.384414e-11
116 2.833448e-11
117 1.772130e-11
118 1.075632e-11
119 6.362533e-12
120 3.684625e-12
121 0.000000e+00
122 0.000000e+00
123 0.000000e+00
124 0.000000e+00
125 5.841714e-09
126 4.459991e-09
127 3.326661e-09
128 2.419808e-09
129 1.726497e-09
130 1.226868e-09
131 8.780731e-10
132 6.354560e-10
133 4.661773e-10
134 3.455525e-10
135 2.569875e-10
136 1.899994e-10
137 1.383773e-10
138 9.849931e-11
139 6.812670e-11
140 4.561103e-11
141 2.952224e-11
142 1.848976e-11
143 1.123707e-11
144 6.653613e-12
145 3.856163e-12
146 0.000000e+00
147 0.000000e+00
148 0.000000e+00
149 0.000000e+00
150 5.999543e-09
151 4.584471e-09
152 3.422226e-09
153 2.491152e-09
154 1.777735e-09
155 1.262945e-09
156 9.034362e-10
157 6.533739e-10
158 4.790524e-10
159 3.549848e-10
160 2.640070e-10
161 1.952777e-10
162 1.423227e-10
163 1.014096e-10
164 7.021491e-11
165 4.706757e-11
166 3.050090e-11
167 1.912426e-11
168 1.163345e-11
169 6.893699e-12
170 3.997696e-12
171 0.000000e+00
172 0.000000e+00
173 0.000000e+00
174 0.000000e+00
175 6.136432e-09
176 4.691902e-09
177 3.504852e-09
178 2.552848e-09
179 1.822068e-09
180 1.294067e-09
181 9.253035e-10
182 6.688702e-10
183 4.901738e-10
184 3.631456e-10
185 2.700932e-10
186 1.998339e-10
187 1.457359e-10
188 1.039221e-10
189 7.202635e-11
190 4.832680e-11
191 3.134723e-11
192 1.967165e-11
193 1.197556e-11
194 7.100907e-12
195 4.119821e-12
196 0.000000e+00
197 0.000000e+00
198 0.000000e+00
199 0.000000e+00
200 6.265356e-09
201 4.793681e-09
202 3.583054e-09
203 2.611077e-09
204 1.863968e-09
205 1.323508e-09
206 9.460181e-10
207 6.835333e-10
208 5.007312e-10
209 3.708562e-10
210 2.758432e-10
211 2.041530e-10
212 1.489678e-10
213 1.062998e-10
214 7.373412e-11
215 4.951527e-11
216 3.214750e-11
217 2.019032e-11
218 1.229869e-11
219 7.296316e-12
220 4.235283e-12
221 0.000000e+00
222 0.000000e+00
223 0.000000e+00
224 0.000000e+00
225 6.417214e-09
226 4.912713e-09
227 3.674661e-09
228 2.679407e-09
229 1.913117e-09
230 1.358077e-09
231 9.703064e-10
232 7.007292e-10
233 5.130707e-10
234 3.799253e-10
235 2.826069e-10
236 2.092340e-10
237 1.527649e-10
238 1.091003e-10
239 7.574498e-11
240 5.091377e-11
241 3.308556e-11
242 2.079726e-11
243 1.267908e-11
244 7.526883e-12
245 4.371023e-12
246 0.000000e+00
247 0.000000e+00
248 0.000000e+00
249 0.000000e+00
250 8.608461e-09
251 6.654066e-09
252 5.027291e-09
253 3.701385e-09
254 2.652587e-09
255 1.876383e-09
256 1.333335e-09
257 9.557813e-10
258 6.948956e-10
259 5.120727e-10
260 3.806355e-10
261 2.828873e-10
262 2.081543e-10
263 1.502905e-10
264 1.057121e-10
265 7.205309e-11
266 4.746745e-11
267 3.021521e-11
268 1.862010e-11
269 1.115046e-11
270 6.518420e-12
271 0.000000e+00
272 0.000000e+00
273 0.000000e+00
274 0.000000e+00
275 1.082125e-08
276 8.448058e-09
277 6.439403e-09
278 4.791080e-09
279 3.465414e-09
280 2.453979e-09
281 1.735740e-09
282 1.237177e-09
283 8.921054e-10
284 6.530708e-10
285 4.834683e-10
286 3.592940e-10
287 2.655031e-10
288 1.932501e-10
289 1.374231e-10
290 9.490561e-11
291 6.341570e-11
292 4.094446e-11
293 2.556716e-11
294 1.548651e-11
295 9.137619e-12
296 0.000000e+00
297 0.000000e+00
298 0.000000e+00
299 0.000000e+00
300 1.217224e-08
301 9.551718e-09
302 7.312084e-09
303 5.466562e-09
304 3.972809e-09
305 2.818300e-09
306 1.989754e-09
307 1.414696e-09
308 1.016283e-09
309 7.413081e-10
310 5.474410e-10
311 4.065995e-10
312 3.009057e-10
313 2.197494e-10
314 1.570401e-10
315 1.091119e-10
316 7.338995e-11
317 4.770593e-11
318 2.998198e-11
319 1.826408e-11
320 1.082872e-11
321 0.000000e+00
322 0.000000e+00
323 0.000000e+00
324 0.000000e+00
325 1.306110e-08
326 1.027998e-08
327 7.889205e-09
328 5.913044e-09
329 4.308823e-09
330 3.059918e-09
331 2.158329e-09
332 1.532397e-09
333 1.098693e-09
334 7.997980e-10
335 5.898435e-10
336 4.379124e-10
337 3.243238e-10
338 2.372693e-10
339 1.700034e-10
340 1.184944e-10
341 7.999048e-11
342 5.218392e-11
343 3.290961e-11
344 2.010988e-11
345 1.195331e-11
346 0.000000e+00
347 0.000000e+00
348 0.000000e+00
349 0.000000e+00
350 1.375089e-08
351 1.084483e-08
352 8.336051e-09
353 6.259482e-09
354 4.569325e-09
355 3.247152e-09
356 2.289147e-09
357 1.623717e-09
358 1.162603e-09
359 8.451448e-10
360 6.226881e-10
361 4.621787e-10
362 3.424628e-10
363 2.508449e-10
364 1.800514e-10
365 1.257764e-10
366 8.510604e-11
367 5.565808e-11
368 3.518149e-11
369 2.154311e-11
370 1.282717e-11
371 0.000000e+00
372 0.000000e+00
373 0.000000e+00
374 0.000000e+00
375 1.432036e-08
376 1.131000e-08
377 8.704899e-09
378 6.545131e-09
379 4.784099e-09
380 3.401775e-09
381 2.397060e-09
382 1.699139e-09
383 1.215282e-09
384 8.825668e-10
385 6.497991e-10
386 4.822092e-10
387 3.574402e-10
388 2.620574e-10
389 1.883447e-10
390 1.317792e-10
391 8.932820e-11
392 5.852396e-11
393 3.705689e-11
394 2.272515e-11
395 1.354792e-11
396 0.000000e+00
397 0.000000e+00
398 0.000000e+00
399 0.000000e+00
400 1.481182e-08
401 1.171284e-08
402 9.023228e-09
403 6.791707e-09
404 4.969590e-09
405 3.535212e-09
406 2.490124e-09
407 1.764105e-09
408 1.260818e-09
409 9.148761e-10
410 6.732225e-10
411 4.995278e-10
412 3.703755e-10
413 2.717362e-10
414 1.955144e-10
415 1.369674e-10
416 9.297742e-11
417 6.099900e-11
418 3.867563e-11
419 2.374479e-11
420 1.416981e-11
421 0.000000e+00
422 0.000000e+00
423 0.000000e+00
424 0.000000e+00
425 1.527650e-08
426 1.209265e-08
427 9.324130e-09
428 7.024791e-09
429 5.145045e-09
430 3.661159e-09
431 2.578141e-09
432 1.825557e-09
433 1.303820e-09
434 9.454181e-10
435 6.953228e-10
436 5.158268e-10
437 3.825699e-10
438 2.808568e-10
439 2.022651e-10
440 1.418632e-10
441 9.642358e-11
442 6.333647e-11
443 4.020403e-11
444 2.470851e-11
445 1.475787e-11
446 0.000000e+00
447 0.000000e+00
448 0.000000e+00
449 0.000000e+00
450 1.582113e-08
451 1.253870e-08
452 9.678223e-09
453 7.298937e-09
454 5.350842e-09
455 3.809514e-09
456 2.681668e-09
457 1.897905e-09
458 1.354399e-09
459 9.813204e-10
460 7.213313e-10
461 5.350410e-10
462 3.969424e-10
463 2.916108e-10
464 2.102270e-10
465 1.476308e-10
466 1.004670e-10
467 6.608402e-11
468 4.200126e-11
469 2.584208e-11
470 1.544746e-11
471 0.000000e+00
472 0.000000e+00
473 0.000000e+00
474 0.000000e+00
475 1.453928e-08
476 1.153012e-08
477 8.897610e-09
478 6.710657e-09
479 4.930045e-09
480 3.519153e-09
481 2.478025e-09
482 1.754611e-09
483 1.251986e-09
484 9.063050e-10
485 6.653001e-10
486 4.926672e-10
487 3.649480e-10
488 2.678079e-10
489 1.929583e-10
490 1.355131e-10
491 9.229936e-11
492 6.079711e-11
493 3.870940e-11
494 2.386238e-11
495 1.428996e-11
496 0.000000e+00
497 0.000000e+00
498 0.000000e+00
499 0.000000e+00
500 1.706767e-08
501 1.366560e-08
502 1.062130e-08
503 8.063649e-09
504 5.972216e-09
505 4.293250e-09
506 3.023022e-09
507 2.132904e-09
508 1.515152e-09
509 1.089772e-09
510 7.955461e-10
511 5.871870e-10
512 4.348326e-10
513 3.200117e-10
514 2.318828e-10
515 1.641617e-10
516 1.128900e-10
517 7.514811e-11
518 4.835791e-11
519 3.010837e-11
520 1.818814e-11
521 0.000000e+00
522 0.000000e+00
523 0.000000e+00
524 0.000000e+00
525 1.879317e-08
526 1.513266e-08
527 1.181136e-08
528 9.000511e-09
529 6.695717e-09
530 4.833163e-09
531 3.406164e-09
532 2.398650e-09
533 1.700004e-09
534 1.218332e-09
535 8.865775e-10
536 6.529626e-10
537 4.832943e-10
538 3.561157e-10
539 2.587950e-10
540 1.839847e-10
541 1.271844e-10
542 8.514163e-11
543 5.510811e-11
544 3.450413e-11
545 2.094832e-11
546 0.000000e+00
547 0.000000e+00
548 0.000000e+00
549 0.000000e+00
550 2.013664e-08
551 1.627805e-08
552 1.274183e-08
553 9.734142e-09
554 7.261747e-09
555 5.256019e-09
556 3.706629e-09
557 2.606894e-09
558 1.845004e-09
559 1.319219e-09
560 9.579613e-10
561 7.044848e-10
562 5.212027e-10
563 3.843503e-10
564 2.798347e-10
565 1.994889e-10
566 1.383528e-10
567 9.296145e-11
568 6.039700e-11
569 3.795171e-11
570 2.311439e-11
571 0.000000e+00
572 0.000000e+00
573 0.000000e+00
574 0.000000e+00
575 2.124824e-08
576 1.722321e-08
577 1.351076e-08
578 1.033990e-08
579 7.729334e-09
580 5.605478e-09
581 3.955174e-09
582 2.779447e-09
583 1.964974e-09
584 1.402646e-09
585 1.016938e-09
586 7.471130e-10
587 5.525702e-10
588 4.076984e-10
589 2.972311e-10
590 2.123000e-10
591 1.475897e-10
592 9.942683e-11
593 6.476876e-11
594 4.080081e-11
595 2.490733e-11
596 0.000000e+00
597 0.000000e+00
598 0.000000e+00
599 0.000000e+00
600 2.220823e-08
601 1.804074e-08
602 1.417463e-08
603 1.086278e-08
604 8.133103e-09
605 5.906550e-09
606 4.169644e-09
607 2.928178e-09
608 2.068575e-09
609 1.474596e-09
610 1.067905e-09
611 7.838297e-10
612 5.796028e-10
613 4.278564e-10
614 3.122480e-10
615 2.233589e-10
616 1.555595e-10
617 1.050024e-10
618 6.854114e-11
619 4.326057e-11
620 2.645355e-11
621 0.000000e+00
622 0.000000e+00
623 0.000000e+00
624 0.000000e+00
625 2.311396e-08
626 1.881302e-08
627 1.480184e-08
628 1.135676e-08
629 8.514659e-09
630 6.192196e-09
631 4.372195e-09
632 3.068720e-09
633 2.166284e-09
634 1.542696e-09
635 1.115955e-09
636 8.185959e-10
637 6.051865e-10
638 4.468865e-10
639 3.264293e-10
640 2.338030e-10
641 1.630914e-10
642 1.102771e-10
643 7.210639e-11
644 4.558379e-11
645 2.791478e-11
646 0.000000e+00
647 0.000000e+00
648 0.000000e+00
649 0.000000e+00
650 2.417968e-08
651 1.971915e-08
652 1.553926e-08
653 1.193876e-08
654 8.963284e-09
655 6.527550e-09
656 4.610169e-09
657 3.233832e-09
658 2.281106e-09
659 1.622713e-09
660 1.172603e-09
661 8.594323e-10
662 6.352568e-10
663 4.692778e-10
664 3.430982e-10
665 2.460870e-10
666 1.719477e-10
667 1.164710e-10
668 7.630494e-11
669 4.832015e-11
670 2.963273e-11
671 0.000000e+00
672 0.000000e+00
673 0.000000e+00
674 0.000000e+00
675 2.074322e-08
676 1.684371e-08
677 1.322956e-08
678 1.012920e-08
679 7.579338e-09
680 5.510686e-09
681 3.895907e-09
682 2.736260e-09
683 1.934850e-09
684 1.379818e-09
685 9.990416e-10
686 7.328479e-10
687 5.413708e-10
688 3.991364e-10
689 2.909164e-10
690 2.078747e-10
691 1.446604e-10
692 9.761236e-11
693 6.371655e-11
694 4.023027e-11
695 2.461470e-11
696 0.000000e+00
697 0.000000e+00
698 0.000000e+00
699 0.000000e+00
700 2.340818e-08
701 1.918078e-08
702 1.517102e-08
703 1.167810e-08
704 8.787729e-09
705 6.433220e-09
706 4.567737e-09
707 3.202266e-09
708 2.258346e-09
709 1.602811e-09
710 1.154776e-09
711 8.434351e-10
712 6.216101e-10
713 4.583682e-10
714 3.349823e-10
715 2.405285e-10
716 1.684897e-10
717 1.145753e-10
718 7.542182e-11
719 4.802575e-11
720 2.961969e-11
721 0.000000e+00
722 0.000000e+00
723 0.000000e+00
724 0.000000e+00
725 2.553149e-08
726 2.105054e-08
727 1.673060e-08
728 1.292702e-08
729 9.762595e-09
730 7.178791e-09
731 5.113671e-09
732 3.582552e-09
733 2.521662e-09
734 1.784942e-09
735 1.281332e-09
736 9.330724e-10
737 6.865026e-10
738 5.061172e-10
739 3.704701e-10
740 2.668131e-10
741 1.876752e-10
742 1.282626e-10
743 8.489139e-11
744 5.435643e-11
745 3.369966e-11
746 0.000000e+00
747 0.000000e+00
748 0.000000e+00
749 0.000000e+00
750 2.729387e-08
751 2.260254e-08
752 1.802855e-08
753 1.396587e-08
754 1.057470e-08
755 7.799710e-09
756 5.568661e-09
757 3.899810e-09
758 2.741342e-09
759 1.936836e-09
760 1.386944e-09
761 1.007853e-09
762 7.405198e-10
763 5.458923e-10
764 3.999869e-10
765 2.886712e-10
766 2.036469e-10
767 1.396571e-10
768 9.278166e-11
769 5.963112e-11
770 3.710193e-11
771 0.000000e+00
772 0.000000e+00
773 0.000000e+00
774 0.000000e+00
775 2.881461e-08
776 2.394477e-08
777 1.914852e-08
778 1.486252e-08
779 1.127553e-08
780 8.335915e-09
781 5.961523e-09
782 4.173601e-09
783 2.931217e-09
784 2.067971e-09
785 1.478230e-09
786 1.072348e-09
787 7.871601e-10
788 5.802292e-10
789 4.254747e-10
790 3.075395e-10
791 2.174308e-10
792 1.494936e-10
793 9.959289e-11
794 6.418754e-11
795 4.004141e-11
796 0.000000e+00
797 0.000000e+00
798 0.000000e+00
799 0.000000e+00
800 3.025129e-08
801 2.521085e-08
802 2.020752e-08
803 1.571033e-08
804 1.193832e-08
805 8.843152e-09
806 6.333123e-09
807 4.432974e-09
808 3.110586e-09
809 2.191963e-09
810 1.564365e-09
811 1.133403e-09
812 8.312092e-10
813 6.126392e-10
814 4.495468e-10
815 3.253651e-10
816 2.304508e-10
817 1.587916e-10
818 1.060278e-10
819 6.849231e-11
820 4.282003e-11
821 0.000000e+00
822 0.000000e+00
823 0.000000e+00
824 0.000000e+00
825 3.194029e-08
826 2.669990e-08
827 2.144974e-08
828 1.670580e-08
829 1.271698e-08
830 9.438713e-09
831 6.769338e-09
832 4.737428e-09
833 3.321472e-09
834 2.337831e-09
835 1.665622e-09
836 1.205082e-09
837 8.831016e-10
838 6.508143e-10
839 4.778742e-10
840 3.463488e-10
841 2.457785e-10
842 1.697199e-10
843 1.135928e-10
844 7.354758e-11
845 4.608204e-11
846 0.000000e+00
847 0.000000e+00
848 0.000000e+00
849 0.000000e+00
850 2.697695e-08
851 2.237721e-08
852 1.787607e-08
853 1.385946e-08
854 1.050002e-08
855 7.754727e-09
856 5.549421e-09
857 3.888954e-09
858 2.732528e-09
859 1.930247e-09
860 1.380813e-09
861 1.002120e-09
862 7.354415e-10
863 5.416679e-10
864 3.966961e-10
865 2.863053e-10
866 2.020916e-10
867 1.387365e-10
868 9.230883e-11
869 5.943973e-11
870 3.705480e-11
871 0.000000e+00
872 0.000000e+00
873 0.000000e+00
874 0.000000e+00
875 2.993192e-08
876 2.504801e-08
877 2.015580e-08
878 1.571547e-08
879 1.196027e-08
880 8.884982e-09
881 6.395665e-09
882 4.487773e-09
883 3.144493e-09
884 2.215677e-09
885 1.576810e-09
886 1.139147e-09
887 8.330644e-10
888 6.126989e-10
889 4.491106e-10
890 3.251140e-10
891 2.306059e-10
892 1.593083e-10
893 1.067574e-10
894 6.926586e-11
895 4.351221e-11
896 0.000000e+00
897 0.000000e+00
898 0.000000e+00
899 0.000000e+00
900 3.241595e-08
901 2.730119e-08
902 2.208808e-08
903 1.729124e-08
904 1.320453e-08
905 9.847493e-09
906 7.119256e-09
907 5.001985e-09
908 3.498855e-09
909 2.460620e-09
910 1.745063e-09
911 1.256526e-09
912 9.165006e-10
913 6.732604e-10
914 4.937135e-10
915 3.581018e-10
916 2.548292e-10
917 1.767858e-10
918 1.190637e-10
919 7.766055e-11
920 4.903991e-11
921 0.000000e+00
922 0.000000e+00
923 0.000000e+00
924 0.000000e+00
925 3.456820e-08
926 2.925695e-08
927 2.376654e-08
928 1.865942e-08
929 1.428482e-08
930 1.068395e-08
931 7.747761e-09
932 5.449110e-09
933 3.806937e-09
934 2.673658e-09
935 1.891449e-09
936 1.358552e-09
937 9.890537e-10
938 7.258654e-10
939 5.324156e-10
940 3.867175e-10
941 2.758518e-10
942 1.919688e-10
943 1.297456e-10
944 8.494653e-11
945 5.384443e-11
946 0.000000e+00
947 0.000000e+00
948 0.000000e+00
949 0.000000e+00
950 3.660323e-08
951 3.110368e-08
952 2.535285e-08
953 1.995358e-08
954 1.530643e-08
955 1.147505e-08
956 8.341818e-09
957 5.872001e-09
958 4.098177e-09
959 2.875193e-09
960 2.029859e-09
961 1.455093e-09
962 1.057608e-09
963 7.755777e-10
964 5.690176e-10
965 4.137847e-10
966 2.957329e-10
967 2.063249e-10
968 1.398493e-10
969 9.184019e-11
970 5.838919e-11
971 0.000000e+00
972 0.000000e+00
973 0.000000e+00
974 0.000000e+00
975 3.899597e-08
976 3.327356e-08
977 2.721333e-08
978 2.147403e-08
979 1.650698e-08
980 1.240480e-08
981 9.039790e-09
982 6.368448e-09
983 4.440619e-09
984 3.111926e-09
985 2.192495e-09
986 1.568467e-09
987 1.138231e-09
988 8.340618e-10
989 6.120476e-10
990 4.456048e-10
991 3.190809e-10
992 2.231821e-10
993 1.517227e-10
994 9.994112e-11
995 6.372773e-11
996 0.000000e+00
997 0.000000e+00
998 0.000000e+00
999 0.000000e+00
1000 3.374519e-08
1001 2.856814e-08
1002 2.322233e-08
1003 1.824230e-08
1004 1.396672e-08
1005 1.044633e-08
1006 7.583551e-09
1007 5.342707e-09
1008 3.732215e-09
1009 2.622296e-09
1010 1.854529e-09
1011 1.331450e-09
1012 9.685557e-10
1013 7.101891e-10
1014 5.205069e-10
1015 3.778187e-10
1016 2.694147e-10
1017 1.874878e-10
1018 1.267523e-10
1019 8.304248e-11
1020 5.268863e-11
1021 0.000000e+00
1022 0.000000e+00
1023 0.000000e+00
1024 0.000000e+00
1025 3.705591e-08
1026 3.164206e-08
1027 2.592061e-08
1028 2.048674e-08
1029 1.575642e-08
1030 1.184188e-08
1031 8.648827e-09
1032 6.117371e-09
1033 4.266680e-09
1034 2.991167e-09
1035 2.106782e-09
1036 1.505428e-09
1037 1.090430e-09
1038 7.974110e-10
1039 5.840793e-10
1040 4.246297e-10
1041 3.038277e-10
1042 2.125001e-10
1043 1.445513e-10
1044 9.536496e-11
1045 6.094938e-11
1046 0.000000e+00
1047 0.000000e+00
1048 0.000000e+00
1049 0.000000e+00
1050 3.995791e-08
1051 3.434242e-08
1052 2.829998e-08
1053 2.246848e-08
1054 1.733955e-08
1055 1.307769e-08
1056 9.592468e-09
1057 6.806330e-09
1058 4.743453e-09
1059 3.319665e-09
1060 2.331744e-09
1061 1.660270e-09
1062 1.198730e-09
1063 8.747753e-10
1064 6.403257e-10
1065 4.659563e-10
1066 3.342183e-10
1067 2.345896e-10
1068 1.602909e-10
1069 1.062727e-10
1070 6.827111e-11
1071 0.000000e+00
1072 0.000000e+00
1073 0.000000e+00
1074 0.000000e+00
1075 4.270485e-08
1076 3.690218e-08
1077 3.055340e-08
1078 2.434767e-08
1079 1.884141e-08
1080 1.424981e-08
1081 1.048871e-08
1082 7.460268e-09
1083 5.196086e-09
1084 3.631595e-09
1085 2.545382e-09
1086 1.807199e-09
1087 1.301479e-09
1088 9.481513e-10
1089 6.936525e-10
1090 5.051497e-10
1091 3.630272e-10
1092 2.555453e-10
1093 1.752054e-10
1094 1.166171e-10
1095 7.521728e-11
1096 0.000000e+00
1097 0.000000e+00
1098 0.000000e+00
1099 0.000000e+00
1100 4.592877e-08
1101 3.990866e-08
1102 3.320074e-08
1103 2.655642e-08
1104 2.060772e-08
1105 1.562878e-08
1106 1.154269e-08
1107 8.229228e-09
1108 5.728777e-09
1109 3.998784e-09
1110 2.796785e-09
1111 1.980260e-09
1112 1.422503e-09
1113 1.034629e-09
1114 7.564686e-10
1115 5.513232e-10
1116 3.969288e-10
1117 2.801631e-10
1118 1.927564e-10
1119 1.287846e-10
1120 8.338862e-11
1121 0.000000e+00
1122 0.000000e+00
1123 0.000000e+00
1124 0.000000e+00
1125 4.125035e-08
1126 3.561304e-08
1127 2.947750e-08
1128 2.349039e-08
1129 1.817626e-08
1130 1.373887e-08
1131 1.011143e-08
1132 7.201026e-09
1133 5.020465e-09
1134 3.508866e-09
1135 2.461268e-09
1136 1.747687e-09
1137 1.258296e-09
1138 9.161334e-10
1139 6.697429e-10
1140 4.872967e-10
1141 3.498571e-10
1142 2.460691e-10
1143 1.686323e-10
1144 1.122006e-10
1145 7.237102e-11
1146 0.000000e+00
1147 0.000000e+00
1148 0.000000e+00
1149 0.000000e+00
1150 4.502006e-08
1151 3.920198e-08
1152 3.271046e-08
1153 2.624227e-08
1154 2.040624e-08
1155 1.549108e-08
1156 1.146458e-08
1157 8.210436e-09
1158 5.729940e-09
1159 3.994301e-09
1160 2.794644e-09
1161 1.974380e-09
1162 1.414909e-09
1163 1.026341e-09
1164 7.488288e-10
1165 5.449099e-10
1166 3.920945e-10
1167 2.768613e-10
1168 1.907242e-10
1169 1.277066e-10
1170 8.294401e-11
1171 0.000000e+00
1172 0.000000e+00
1173 0.000000e+00
1174 0.000000e+00
1175 4.861928e-08
1176 4.263633e-08
1177 3.581085e-08
1178 2.888902e-08
1179 2.255541e-08
1180 1.718178e-08
1181 1.276981e-08
1182 9.185528e-09
1183 6.416004e-09
1184 4.464669e-09
1185 3.117354e-09
1186 2.194112e-09
1187 1.566387e-09
1188 1.132716e-09
1189 8.250367e-10
1190 6.003586e-10
1191 4.326821e-10
1192 3.064410e-10
1193 2.119740e-10
1194 1.426334e-10
1195 9.312339e-11
1196 0.000000e+00
1197 0.000000e+00
1198 0.000000e+00
1199 0.000000e+00
1200 5.284974e-08
1201 4.667510e-08
1202 3.946147e-08
1203 3.200381e-08
1204 2.508681e-08
1205 1.917535e-08
1206 1.430960e-08
1207 1.033479e-08
1208 7.226396e-09
1209 5.019823e-09
1210 3.498743e-09
1211 2.453294e-09
1212 1.745235e-09
1213 1.258219e-09
1214 9.150183e-10
1215 6.657834e-10
1216 4.805378e-10
1217 3.412937e-10
1218 2.369897e-10
1219 1.601943e-10
1220 1.051154e-10
1221 0.000000e+00
1222 0.000000e+00
1223 0.000000e+00
1224 0.000000e+00
1225 4.974108e-08
1226 4.377838e-08
1227 3.691690e-08
1228 2.988826e-08
1229 2.340364e-08
1230 1.786307e-08
1231 1.330740e-08
1232 9.606135e-09
1233 6.726742e-09
1234 4.674816e-09
1235 3.262819e-09
1236 2.290564e-09
1237 1.631243e-09
1238 1.176704e-09
1239 8.554570e-10
1240 6.218775e-10
1241 4.482100e-10
1242 3.177605e-10
1243 2.202175e-10
1244 1.485726e-10
1245 9.733143e-11
1246 0.000000e+00
1247 0.000000e+00
1248 0.000000e+00
1249 0.000000e+00
1250 5.435680e-08
1251 4.827299e-08
1252 4.107158e-08
1253 3.351795e-08
1254 2.640015e-08
1255 2.024393e-08
1256 1.515970e-08
1257 1.101372e-08
1258 7.740570e-09
1259 5.369368e-09
1260 3.739484e-09
1261 2.613104e-09
1262 1.851470e-09
1263 1.328819e-09
1264 9.626844e-10
1265 6.989565e-10
1266 5.042075e-10
1267 3.585032e-10
1268 2.495876e-10
1269 1.693888e-10
1270 1.117245e-10
1271 0.000000e+00
1272 0.000000e+00
1273 0.000000e+00
1274 0.000000e+00
1275 5.981925e-08
1276 5.360566e-08
1277 4.600799e-08
1278 3.783373e-08
1279 2.997635e-08
1280 2.308969e-08
1281 1.737425e-08
1282 1.269696e-08
1283 8.956718e-09
1284 6.203748e-09
1285 4.311891e-09
1286 3.000612e-09
1287 2.115222e-09
1288 1.511147e-09
1289 1.091130e-09
1290 7.910454e-10
1291 5.709983e-10
1292 4.070262e-10
1293 2.845853e-10
1294 1.941743e-10
1295 1.288745e-10
1296 0.000000e+00
1297 0.000000e+00
1298 0.000000e+00
1299 0.000000e+00
1300 6.019548e-08
1301 5.406200e-08
1302 4.653631e-08
1303 3.838939e-08
1304 3.050052e-08
1305 2.353894e-08
1306 1.773641e-08
1307 1.299460e-08
1308 9.198963e-09
1309 6.376069e-09
1310 4.427780e-09
1311 3.079008e-09
1312 2.166207e-09
1313 1.543538e-09
1314 1.111939e-09
1315 8.047756e-10
1316 5.803344e-10
1317 4.136160e-10
1318 2.893703e-10
1319 1.977260e-10
1320 1.314976e-10
1321 0.000000e+00
1322 0.000000e+00
1323 0.000000e+00
1324 0.000000e+00
1325 6.727538e-08
1326 6.112836e-08
1327 5.323533e-08
1328 4.440564e-08
1329 3.559908e-08
1330 2.765374e-08
1331 2.096428e-08
1332 1.547994e-08
1333 1.104004e-08
1334 7.658852e-09
1335 5.301666e-09
1336 3.673039e-09
1337 2.565418e-09
1338 1.815323e-09
1339 1.299995e-09
1340 9.372692e-10
1341 6.751773e-10
1342 4.819394e-10
1343 3.386008e-10
1344 2.328125e-10
1345 1.560370e-10
1346 0.000000e+00
1347 0.000000e+00
1348 0.000000e+00
1349 0.000000e+00
1350 7.693915e-08
1351 7.097982e-08
1352 6.283867e-08
1353 5.328101e-08
1354 4.333393e-08
1355 3.403555e-08
1356 2.602853e-08
1357 1.941597e-08
1358 1.402740e-08
1359 9.797534e-09
1360 6.754544e-09
1361 4.664120e-09
1362 3.225951e-09
1363 2.258438e-09
1364 1.600026e-09
1365 1.143992e-09
1366 8.202087e-10
1367 5.851211e-10
1368 4.123571e-10
1369 2.853782e-10
1370 1.930690e-10
1371 0.000000e+00
1372 0.000000e+00
1373 0.000000e+00
1374 0.000000e+00
1375 6.391363e-07
1376 5.257560e-07
1377 4.204528e-07
1378 3.378702e-07
1379 2.597176e-07
1380 1.839377e-07
1381 1.265801e-07
1382 8.814421e-08
1383 6.043323e-08
1384 4.218595e-08
1385 3.024904e-08
1386 2.230619e-08
1387 0.000000e+00
1388 0.000000e+00
1389 0.000000e+00
1390 0.000000e+00
1391 0.000000e+00
1392 0.000000e+00
1393 0.000000e+00
1394 0.000000e+00
1395 0.000000e+00
1396 0.000000e+00
1397 0.000000e+00
1398 0.000000e+00
1399 0.000000e+00
1400 8.039855e-07
1401 6.632591e-07
1402 5.303721e-07
1403 4.259088e-07
1404 3.293477e-07
1405 2.339004e-07
1406 1.607159e-07
1407 1.121380e-07
1408 7.675293e-08
1409 5.348952e-08
1410 3.828309e-08
1411 2.816844e-08
1412 0.000000e+00
1413 0.000000e+00
1414 0.000000e+00
1415 0.000000e+00
1416 0.000000e+00
1417 0.000000e+00
1418 0.000000e+00
1419 0.000000e+00
1420 0.000000e+00
1421 0.000000e+00
1422 0.000000e+00
1423 0.000000e+00
1424 0.000000e+00
1425 9.117441e-07
1426 7.531090e-07
1427 6.024396e-07
1428 4.836828e-07
1429 3.748280e-07
1430 2.666719e-07
1431 1.829879e-07
1432 1.278344e-07
1433 8.741920e-08
1434 6.087320e-08
1435 4.353018e-08
1436 3.202256e-08
1437 0.000000e+00
1438 0.000000e+00
1439 0.000000e+00
1440 0.000000e+00
1441 0.000000e+00
1442 0.000000e+00
1443 0.000000e+00
1444 0.000000e+00
1445 0.000000e+00
1446 0.000000e+00
1447 0.000000e+00
1448 0.000000e+00
1449 0.000000e+00
1450 9.948432e-07
1451 8.232069e-07
1452 6.581900e-07
1453 5.282335e-07
1454 4.100939e-07
1455 2.920227e-07
1456 2.002690e-07
1457 1.400033e-07
1458 9.568895e-08
1459 6.659173e-08
1460 4.759403e-08
1461 3.498178e-08
1462 0.000000e+00
1463 0.000000e+00
1464 0.000000e+00
1465 0.000000e+00
1466 0.000000e+00
1467 0.000000e+00
1468 0.000000e+00
1469 0.000000e+00
1470 0.000000e+00
1471 0.000000e+00
1472 0.000000e+00
1473 0.000000e+00
1474 0.000000e+00
1475 1.064252e-06
1476 8.806248e-07
1477 7.038171e-07
1478 5.649859e-07
1479 4.391736e-07
1480 3.129627e-07
1481 2.145185e-07
1482 1.500485e-07
1483 1.025172e-07
1484 7.132151e-08
1485 5.094757e-08
1486 3.743545e-08
1487 0.000000e+00
1488 0.000000e+00
1489 0.000000e+00
1490 0.000000e+00
1491 0.000000e+00
1492 0.000000e+00
1493 0.000000e+00
1494 0.000000e+00
1495 0.000000e+00
1496 0.000000e+00
1497 0.000000e+00
1498 0.000000e+00
1499 0.000000e+00
1500 1.123793e-06
1501 9.302318e-07
1502 7.435323e-07
1503 5.968116e-07
1504 4.643059e-07
1505 3.310376e-07
1506 2.268338e-07
1507 1.587193e-07
1508 1.084003e-07
1509 7.540414e-08
1510 5.384843e-08
1511 3.955209e-08
1512 0.000000e+00
1513 0.000000e+00
1514 0.000000e+00
1515 0.000000e+00
1516 0.000000e+00
1517 0.000000e+00
1518 0.000000e+00
1519 0.000000e+00
1520 0.000000e+00
1521 0.000000e+00
1522 0.000000e+00
1523 0.000000e+00
1524 0.000000e+00
1525 1.179965e-06
1526 9.771736e-07
1527 7.809539e-07
1528 6.268688e-07
1529 4.880417e-07
1530 3.481069e-07
1531 2.384496e-07
1532 1.669077e-07
1533 1.139918e-07
1534 7.925787e-08
1535 5.659161e-08
1536 4.154795e-08
1537 0.000000e+00
1538 0.000000e+00
1539 0.000000e+00
1540 0.000000e+00
1541 0.000000e+00
1542 0.000000e+00
1543 0.000000e+00
1544 0.000000e+00
1545 0.000000e+00
1546 0.000000e+00
1547 0.000000e+00
1548 0.000000e+00
1549 0.000000e+00
1550 1.245834e-06
1551 1.032224e-06
1552 8.249670e-07
1553 6.622178e-07
1554 5.159098e-07
1555 3.681829e-07
1556 2.521594e-07
1557 1.765385e-07
1558 1.205268e-07
1559 8.379235e-08
1560 5.980796e-08
1561 4.390219e-08
1562 0.000000e+00
1563 0.000000e+00
1564 0.000000e+00
1565 0.000000e+00
1566 0.000000e+00
1567 0.000000e+00
1568 0.000000e+00
1569 0.000000e+00
1570 0.000000e+00
1571 0.000000e+00
1572 0.000000e+00
1573 0.000000e+00
1574 0.000000e+00
1575 3.149850e-07
1576 2.944136e-07
1577 2.524096e-07
1578 2.022975e-07
1579 1.609911e-07
1580 1.312149e-07
1581 9.697470e-08
1582 6.534067e-08
1583 4.606114e-08
1584 3.085303e-08
1585 2.102302e-08
1586 1.455465e-08
1587 1.035338e-08
1588 7.580586e-09
1589 0.000000e+00
1590 0.000000e+00
1591 0.000000e+00
1592 0.000000e+00
1593 0.000000e+00
1594 0.000000e+00
1595 0.000000e+00
1596 0.000000e+00
1597 0.000000e+00
1598 0.000000e+00
1599 0.000000e+00
1600 4.422817e-07
1601 4.149726e-07
1602 3.569946e-07
1603 2.867557e-07
1604 2.279550e-07
1605 1.857225e-07
1606 1.384179e-07
1607 9.305869e-08
1608 6.576092e-08
1609 4.395509e-08
1610 2.995709e-08
1611 2.070627e-08
1612 1.469533e-08
1613 1.073972e-08
1614 0.000000e+00
1615 0.000000e+00
1616 0.000000e+00
1617 0.000000e+00
1618 0.000000e+00
1619 0.000000e+00
1620 0.000000e+00
1621 0.000000e+00
1622 0.000000e+00
1623 0.000000e+00
1624 0.000000e+00
1625 5.424639e-07
1626 5.098813e-07
1627 4.396745e-07
1628 3.534590e-07
1629 2.808156e-07
1630 2.288183e-07
1631 1.711233e-07
1632 1.149403e-07
1633 8.131965e-08
1634 5.429185e-08
1635 3.700562e-08
1636 2.555404e-08
1637 1.812243e-08
1638 1.323247e-08
1639 0.000000e+00
1640 0.000000e+00
1641 0.000000e+00
1642 0.000000e+00
1643 0.000000e+00
1644 0.000000e+00
1645 0.000000e+00
1646 0.000000e+00
1647 0.000000e+00
1648 0.000000e+00
1649 0.000000e+00
1650 6.253608e-07
1651 5.884467e-07
1652 5.078538e-07
1653 4.084477e-07
1654 3.244011e-07
1655 2.643565e-07
1656 1.981499e-07
1657 1.329525e-07
1658 9.412277e-08
1659 6.283254e-08
1660 4.280967e-08
1661 2.956614e-08
1662 2.095647e-08
1663 1.529141e-08
1664 0.000000e+00
1665 0.000000e+00
1666 0.000000e+00
1667 0.000000e+00
1668 0.000000e+00
1669 0.000000e+00
1670 0.000000e+00
1671 0.000000e+00
1672 0.000000e+00
1673 0.000000e+00
1674 0.000000e+00
1675 6.968287e-07
1676 6.560441e-07
1677 5.667107e-07
1678 4.560266e-07
1679 3.621493e-07
1680 2.950354e-07
1681 2.214702e-07
1682 1.485536e-07
1683 1.052051e-07
1684 7.017539e-08
1685 4.783461e-08
1686 3.301259e-08
1687 2.339975e-08
1688 1.707103e-08
1689 0.000000e+00
1690 0.000000e+00
1691 0.000000e+00
1692 0.000000e+00
1693 0.000000e+00
1694 0.000000e+00
1695 0.000000e+00
1696 0.000000e+00
1697 0.000000e+00
1698 0.000000e+00
1699 0.000000e+00
1700 7.644493e-07
1701 7.199258e-07
1702 6.222867e-07
1703 5.008981e-07
1704 3.977223e-07
1705 3.240042e-07
1706 2.433832e-07
1707 1.633058e-07
1708 1.156713e-07
1709 7.713279e-08
1710 5.257833e-08
1711 3.627796e-08
1712 2.569712e-08
1713 1.874938e-08
1714 0.000000e+00
1715 0.000000e+00
1716 0.000000e+00
1717 0.000000e+00
1718 0.000000e+00
1719 0.000000e+00
1720 0.000000e+00
1721 0.000000e+00
1722 0.000000e+00
1723 0.000000e+00
1724 0.000000e+00
1725 8.437138e-07
1726 7.951902e-07
1727 6.876572e-07
1728 5.534609e-07
1729 4.393937e-07
1730 3.580784e-07
1731 2.692734e-07
1732 1.806271e-07
1733 1.279820e-07
1734 8.531634e-08
1735 5.815806e-08
1736 4.011881e-08
1737 2.840988e-08
1738 2.071540e-08
1739 0.000000e+00
1740 0.000000e+00
1741 0.000000e+00
1742 0.000000e+00
1743 0.000000e+00
1744 0.000000e+00
1745 0.000000e+00
1746 0.000000e+00
1747 0.000000e+00
1748 0.000000e+00
1749 0.000000e+00
1750 2.377308e-07
1751 2.416528e-07
1752 2.284907e-07
1753 1.978228e-07
1754 1.590042e-07
1755 1.258654e-07
1756 1.029767e-07
1757 7.774515e-08
1758 5.108559e-08
1759 3.660959e-08
1760 2.407474e-08
1761 1.613240e-08
1762 1.095715e-08
1763 7.618447e-09
1764 5.454189e-09
1765 0.000000e+00
1766 0.000000e+00
1767 0.000000e+00
1768 0.000000e+00
1769 0.000000e+00
1770 0.000000e+00
1771 0.000000e+00
1772 0.000000e+00
1773 0.000000e+00
1774 0.000000e+00
1775 3.212507e-07
1776 3.270296e-07
1777 3.097237e-07
1778 2.685252e-07
1779 2.158908e-07
1780 1.708267e-07
1781 1.398099e-07
1782 1.058027e-07
1783 6.947225e-08
1784 4.984437e-08
1785 3.273673e-08
1786 2.193662e-08
1787 1.489747e-08
1788 1.035129e-08
1789 7.403132e-09
1790 0.000000e+00
1791 0.000000e+00
1792 0.000000e+00
1793 0.000000e+00
1794 0.000000e+00
1795 0.000000e+00
1796 0.000000e+00
1797 0.000000e+00
1798 0.000000e+00
1799 0.000000e+00
1800 3.934055e-07
1801 4.006390e-07
1802 3.797595e-07
1803 3.294045e-07
1804 2.650247e-07
1805 2.096260e-07
1806 1.715272e-07
1807 1.301084e-07
1808 8.542133e-08
1809 6.130916e-08
1810 4.022307e-08
1811 2.697104e-08
1812 1.830300e-08
1813 1.271166e-08
1814 9.084972e-09
1815 0.000000e+00
1816 0.000000e+00
1817 0.000000e+00
1818 0.000000e+00
1819 0.000000e+00
1820 0.000000e+00
1821 0.000000e+00
1822 0.000000e+00
1823 0.000000e+00
1824 0.000000e+00
1825 4.614909e-07
1826 4.701723e-07
1827 4.457203e-07
1828 3.870821e-07
1829 3.114883e-07
1830 2.463845e-07
1831 2.015755e-07
1832 1.530682e-07
1833 1.004760e-07
1834 7.213913e-08
1835 4.730321e-08
1836 3.172323e-08
1837 2.152373e-08
1838 1.494383e-08
1839 1.067834e-08
1840 0.000000e+00
1841 0.000000e+00
1842 0.000000e+00
1843 0.000000e+00
1844 0.000000e+00
1845 0.000000e+00
1846 0.000000e+00
1847 0.000000e+00
1848 0.000000e+00
1849 0.000000e+00
1850 5.415585e-07
1851 5.519426e-07
1852 5.235645e-07
1853 4.548447e-07
1854 3.661287e-07
1855 2.895703e-07
1856 2.368780e-07
1857 1.800686e-07
1858 1.181801e-07
1859 8.487499e-08
1860 5.562934e-08
1861 3.731174e-08
1862 2.531126e-08
1863 1.756882e-08
1864 1.255032e-08
1865 0.000000e+00
1866 0.000000e+00
1867 0.000000e+00
1868 0.000000e+00
1869 0.000000e+00
1870 0.000000e+00
1871 0.000000e+00
1872 0.000000e+00
1873 0.000000e+00
1874 0.000000e+00
1875 1.469354e-07
1876 1.558668e-07
1877 1.560747e-07
1878 1.445537e-07
1879 1.223014e-07
1880 9.703516e-08
1881 7.733823e-08
1882 6.345447e-08
1883 4.531324e-08
1884 3.026219e-08
1885 2.096808e-08
1886 1.398144e-08
1887 9.198285e-09
1888 6.162431e-09
1889 4.234587e-09
1890 2.996482e-09
1891 0.000000e+00
1892 0.000000e+00
1893 0.000000e+00
1894 0.000000e+00
1895 0.000000e+00
1896 0.000000e+00
1897 0.000000e+00
1898 0.000000e+00
1899 0.000000e+00
1900 2.161481e-07
1901 2.294548e-07
1902 2.299898e-07
1903 2.132917e-07
1904 1.806902e-07
1905 1.434361e-07
1906 1.142565e-07
1907 9.376809e-08
1908 6.715992e-08
1909 4.474047e-08
1910 3.109396e-08
1911 2.070014e-08
1912 1.361359e-08
1913 9.116707e-09
1914 6.258870e-09
1915 4.426943e-09
1916 0.000000e+00
1917 0.000000e+00
1918 0.000000e+00
1919 0.000000e+00
1920 0.000000e+00
1921 0.000000e+00
1922 0.000000e+00
1923 0.000000e+00
1924 0.000000e+00
1925 2.817862e-07
1926 2.992449e-07
1927 3.000942e-07
1928 2.784906e-07
1929 2.360683e-07
1930 1.874458e-07
1931 1.492711e-07
1932 1.225201e-07
1933 8.791425e-08
1934 5.848533e-08
1935 4.071387e-08
1936 2.707868e-08
1937 1.780542e-08
1938 1.192140e-08
1939 8.180559e-09
1940 5.783644e-09
1941 0.000000e+00
1942 0.000000e+00
1943 0.000000e+00
1944 0.000000e+00
1945 0.000000e+00
1946 0.000000e+00
1947 0.000000e+00
1948 0.000000e+00
1949 0.000000e+00
1950 3.589800e-07
1951 3.813076e-07
1952 3.825270e-07
1953 3.551565e-07
1954 3.012040e-07
1955 2.392100e-07
1956 1.904554e-07
1957 1.563374e-07
1958 1.123155e-07
1959 7.466189e-08
1960 5.202417e-08
1961 3.458610e-08
1962 2.273881e-08
1963 1.522229e-08
1964 1.044221e-08
1965 7.379400e-09
1966 0.000000e+00
1967 0.000000e+00
1968 0.000000e+00
1969 0.000000e+00
1970 0.000000e+00
1971 0.000000e+00
1972 0.000000e+00
1973 0.000000e+00
1974 0.000000e+00
1975 7.061811e-05
1976 5.867575e-05
1977 4.678667e-05
1978 3.758671e-05
1979 2.959654e-05
1980 2.106975e-05
1981 1.442560e-05
1982 1.010620e-05
1983 6.898462e-06
1984 4.781103e-06
1985 3.405041e-06
1986 2.493501e-06
1987 0.000000e+00
1988 0.000000e+00
1989 0.000000e+00
1990 0.000000e+00
1991 0.000000e+00
1992 0.000000e+00
1993 0.000000e+00
1994 0.000000e+00
1995 0.000000e+00
1996 0.000000e+00
1997 0.000000e+00
1998 0.000000e+00
1999 0.000000e+00
2000 3.708908e-05
2001 3.509602e-05
2002 3.042101e-05
2003 2.451826e-05
2004 1.943393e-05
2005 1.585493e-05
2006 1.201014e-05
2007 8.003689e-06
2008 5.708283e-06
2009 3.791629e-06
2010 2.582511e-06
2011 1.780060e-06
2012 1.259020e-06
2013 9.167956e-07
2014 0.000000e+00
2015 0.000000e+00
2016 0.000000e+00
2017 0.000000e+00
2018 0.000000e+00
2019 0.000000e+00
2020 0.000000e+00
2021 0.000000e+00
2022 0.000000e+00
2023 0.000000e+00
2024 0.000000e+00
2025 2.321668e-05
2026 2.369735e-05
2027 2.253032e-05
2028 1.961249e-05
2029 1.580018e-05
2030 1.248544e-05
2031 1.021458e-05
2032 7.804641e-06
2033 5.100577e-06
2034 3.682018e-06
2035 2.404372e-06
2036 1.612257e-06
2037 1.093629e-06
2038 7.584616e-07
2039 5.411917e-07
2040 0.000000e+00
2041 0.000000e+00
2042 0.000000e+00
2043 0.000000e+00
2044 0.000000e+00
2045 0.000000e+00
2046 0.000000e+00
2047 0.000000e+00
2048 0.000000e+00
2049 0.000000e+00
2050 1.782156e-05
2051 1.895900e-05
2052 1.905264e-05
2053 1.772760e-05
2054 1.506458e-05
2055 1.197172e-05
2056 9.522150e-06
2057 7.823279e-06
2058 5.649638e-06
2059 3.737898e-06
2060 2.618157e-06
2061 1.737445e-06
2062 1.141211e-06
2063 7.631319e-07
2064 5.227111e-07
2065 3.689631e-07
2066 0.000000e+00
2067 0.000000e+00
2068 0.000000e+00
2069 0.000000e+00
2070 0.000000e+00
2071 0.000000e+00
2072 0.000000e+00
2073 0.000000e+00
2074 0.000000e+00
2075 4.277581e+04
2076 2.749787e+04
2077 1.711312e+04
2078 8.282116e+03
2079 3.776977e+03
2080 1.402851e+03
2081 2.760498e+02
2082 7.631037e+04
2083 4.655498e+04
2084 2.702873e+04
2085 1.192497e+04
2086 4.825969e+03
2087 1.512209e+03
2088 2.299418e+02
2089 9.071781e+04
2090 5.200331e+04
2091 2.781014e+04
2092 1.100312e+04
2093 3.873448e+03
2094 9.980291e+02
2095 1.131395e+02
2096 8.579038e+04
2097 4.579908e+04
2098 2.230989e+04
2099 7.803739e+03
2100 2.350018e+03
2101 4.878791e+02
2102 4.012111e+01
2103 2.602702e-08
2104 2.530781e-08
2105 2.483923e-08
2106 2.454394e-08
2107 2.436267e-08
2108 2.425362e-08
2109 3.689943e-08
2110 3.608157e-08
2111 3.554871e-08
2112 3.521292e-08
2113 3.500679e-08
2114 3.488277e-08
2115 5.411194e-08
2116 5.316097e-08
2117 5.254141e-08
2118 5.215097e-08
2119 5.191129e-08
2120 5.176710e-08
2121 8.154690e-08
2122 8.041530e-08
2123 7.967804e-08
2124 7.921343e-08
2125 7.892822e-08
2126 7.875664e-08
2127 1.242417e-07
2128 1.228706e-07
2129 1.219773e-07
2130 1.214144e-07
2131 1.210688e-07
2132 1.208609e-07
2133 1.981570e-07
2134 1.964327e-07
2135 1.953093e-07
2136 1.946013e-07
2137 1.941667e-07
2138 1.939053e-07
2139 3.355052e-07
2140 3.332221e-07
2141 3.317346e-07
2142 3.307972e-07
2143 3.302218e-07
2144 3.298756e-07
2145 3.249369e-08
2146 3.158191e-08
2147 3.098650e-08
2148 3.061061e-08
2149 3.037956e-08
2150 3.024043e-08
2151 4.605220e-08
2152 4.501535e-08
2153 4.433827e-08
2154 4.391082e-08
2155 4.364808e-08
2156 4.348986e-08
2157 6.751322e-08
2158 6.630764e-08
2159 6.552037e-08
2160 6.502336e-08
2161 6.471787e-08
2162 6.453390e-08
2163 1.017148e-07
2164 1.002802e-07
2165 9.934343e-08
2166 9.875201e-08
2167 9.838848e-08
2168 9.816957e-08
2169 1.549269e-07
2170 1.531887e-07
2171 1.520536e-07
2172 1.513370e-07
2173 1.508966e-07
2174 1.506313e-07
2175 2.470140e-07
2176 2.448280e-07
2177 2.434005e-07
2178 2.424993e-07
2179 2.419454e-07
2180 2.416118e-07
2181 4.180642e-07
2182 4.151698e-07
2183 4.132797e-07
2184 4.120865e-07
2185 4.113530e-07
2186 4.109113e-07
2187 3.672157e-08
2188 3.568383e-08
2189 3.500546e-08
2190 3.457685e-08
2191 3.431324e-08
2192 3.415443e-08
2193 5.203618e-08
2194 5.085610e-08
2195 5.008468e-08
2196 4.959728e-08
2197 4.929751e-08
2198 4.911691e-08
2199 7.627476e-08
2200 7.490265e-08
2201 7.400569e-08
2202 7.343897e-08
2203 7.309042e-08
2204 7.288044e-08
2205 1.149002e-07
2206 1.132675e-07
2207 1.122001e-07
2208 1.115257e-07
2209 1.111110e-07
2210 1.108611e-07
2211 1.749881e-07
2212 1.730098e-07
2213 1.717166e-07
2214 1.708995e-07
2215 1.703970e-07
2216 1.700942e-07
2217 2.789554e-07
2218 2.764674e-07
2219 2.748410e-07
2220 2.738134e-07
2221 2.731814e-07
2222 2.728007e-07
2223 4.720387e-07
2224 4.687444e-07
2225 4.665910e-07
2226 4.652304e-07
2227 4.643935e-07
2228 4.638894e-07
2229 3.999458e-08
2230 3.885934e-08
2231 3.811674e-08
2232 3.764732e-08
2233 3.735850e-08
2234 3.718446e-08
2235 5.666868e-08
2236 5.537772e-08
2237 5.453326e-08
2238 5.399945e-08
2239 5.367101e-08
2240 5.347310e-08
2241 8.305751e-08
2242 8.155648e-08
2243 8.057460e-08
2244 7.995392e-08
2245 7.957203e-08
2246 7.934191e-08
2247 1.251077e-07
2248 1.233215e-07
2249 1.221531e-07
2250 1.214145e-07
2251 1.209601e-07
2252 1.206863e-07
2253 1.905185e-07
2254 1.883543e-07
2255 1.869387e-07
2256 1.860438e-07
2257 1.854932e-07
2258 1.851614e-07
2259 3.036827e-07
2260 3.009610e-07
2261 2.991806e-07
2262 2.980552e-07
2263 2.973628e-07
2264 2.969455e-07
2265 5.138230e-07
2266 5.102192e-07
2267 5.078618e-07
2268 5.063717e-07
2269 5.054548e-07
2270 5.049023e-07
2271 4.269710e-08
2272 4.148135e-08
2273 4.068573e-08
2274 4.018260e-08
2275 3.987297e-08
2276 3.968635e-08
2277 6.049372e-08
2278 5.911122e-08
2279 5.820646e-08
2280 5.763432e-08
2281 5.728221e-08
2282 5.706999e-08
2283 8.865802e-08
2284 8.705054e-08
2285 8.599854e-08
2286 8.533330e-08
2287 8.492389e-08
2288 8.467714e-08
2289 1.335360e-07
2290 1.316231e-07
2291 1.303713e-07
2292 1.295797e-07
2293 1.290925e-07
2294 1.287989e-07
2295 2.033419e-07
2296 2.010243e-07
2297 1.995075e-07
2298 1.985484e-07
2299 1.979581e-07
2300 1.976023e-07
2301 3.241001e-07
2302 3.211854e-07
2303 3.192779e-07
2304 3.180716e-07
2305 3.173293e-07
2306 3.168819e-07
2307 5.483242e-07
2308 5.444649e-07
2309 5.419392e-07
2310 5.403421e-07
2311 5.393591e-07
2312 5.387667e-07
2313 4.502987e-08
2314 4.374463e-08
2315 4.290323e-08
2316 4.237102e-08
2317 4.204341e-08
2318 4.184594e-08
2319 6.379544e-08
2320 6.233391e-08
2321 6.137709e-08
2322 6.077188e-08
2323 6.039934e-08
2324 6.017477e-08
2325 9.349229e-08
2326 9.179291e-08
2327 9.068040e-08
2328 8.997670e-08
2329 8.954353e-08
2330 8.928242e-08
2331 1.408112e-07
2332 1.387890e-07
2333 1.374651e-07
2334 1.366277e-07
2335 1.361123e-07
2336 1.358016e-07
2337 2.144109e-07
2338 2.119608e-07
2339 2.103568e-07
2340 2.093422e-07
2341 2.087176e-07
2342 2.083412e-07
2343 3.417241e-07
2344 3.386427e-07
2345 3.366255e-07
2346 3.353495e-07
2347 3.345641e-07
2348 3.340906e-07
2349 5.781052e-07
2350 5.740252e-07
2351 5.713542e-07
2352 5.696647e-07
2353 5.686248e-07
2354 5.679979e-07
2355 4.723300e-08
2356 4.588213e-08
2357 4.499750e-08
2358 4.443782e-08
2359 4.409325e-08
2360 4.388551e-08
2361 6.691368e-08
2362 6.537751e-08
2363 6.437154e-08
2364 6.373508e-08
2365 6.334325e-08
2366 6.310702e-08
2367 9.805791e-08
2368 9.627175e-08
2369 9.510208e-08
2370 9.436205e-08
2371 9.390645e-08
2372 9.363178e-08
2373 1.476820e-07
2374 1.455566e-07
2375 1.441647e-07
2376 1.432841e-07
2377 1.427420e-07
2378 1.424151e-07
2379 2.248648e-07
2380 2.222895e-07
2381 2.206031e-07
2382 2.195361e-07
2383 2.188792e-07
2384 2.184832e-07
2385 3.583686e-07
2386 3.551299e-07
2387 3.530090e-07
2388 3.516672e-07
2389 3.508411e-07
2390 3.503431e-07
2391 6.062311e-07
2392 6.019428e-07
2393 5.991346e-07
2394 5.973579e-07
2395 5.962641e-07
2396 5.956046e-07
2397 4.982401e-08
2398 4.839595e-08
2399 4.746048e-08
2400 4.686849e-08
2401 4.650396e-08
2402 4.628417e-08
2403 7.058090e-08
2404 6.895696e-08
2405 6.789317e-08
2406 6.721998e-08
2407 6.680544e-08
2408 6.655550e-08
2409 1.034273e-07
2410 1.015391e-07
2411 1.003022e-07
2412 9.951948e-08
2413 9.903749e-08
2414 9.874688e-08
2415 1.557626e-07
2416 1.535157e-07
2417 1.520438e-07
2418 1.511124e-07
2419 1.505388e-07
2420 1.501930e-07
2421 2.371591e-07
2422 2.344367e-07
2423 2.326534e-07
2424 2.315248e-07
2425 2.308299e-07
2426 2.304109e-07
2427 3.779436e-07
2428 3.745198e-07
2429 3.722770e-07
2430 3.708577e-07
2431 3.699838e-07
2432 3.694568e-07
2433 6.393088e-07
2434 6.347755e-07
2435 6.318059e-07
2436 6.299266e-07
2437 6.287695e-07
2438 6.280717e-07
2439 1.227872e-08
2440 1.173039e-08
2441 1.133686e-08
2442 1.106892e-08
2443 1.089201e-08
2444 1.078189e-08
2445 1.715838e-08
2446 1.652847e-08
2447 1.607833e-08
2448 1.577185e-08
2449 1.557186e-08
2450 1.544588e-08
2451 2.481411e-08
2452 2.407758e-08
2453 2.355126e-08
2454 2.319290e-08
2455 2.295907e-08
2456 2.281176e-08
2457 3.692921e-08
2458 3.604830e-08
2459 3.541880e-08
2460 3.499020e-08
2461 3.471053e-08
2462 3.453434e-08
2463 5.556241e-08
2464 5.449148e-08
2465 5.372619e-08
2466 5.320513e-08
2467 5.286513e-08
2468 5.265094e-08
2469 8.724059e-08
2470 8.589311e-08
2471 8.493020e-08
2472 8.427459e-08
2473 8.384679e-08
2474 8.357729e-08
2475 1.451295e-07
2476 1.433496e-07
2477 1.420776e-07
2478 1.412116e-07
2479 1.406465e-07
2480 1.402905e-07
2481 1.731336e-08
2482 1.653501e-08
2483 1.597718e-08
2484 1.559634e-08
2485 1.534725e-08
2486 1.519005e-08
2487 2.418742e-08
2488 2.329691e-08
2489 2.265870e-08
2490 2.222298e-08
2491 2.193801e-08
2492 2.175815e-08
2493 3.496955e-08
2494 3.392833e-08
2495 3.318210e-08
2496 3.267263e-08
2497 3.233943e-08
2498 3.212912e-08
2499 5.202899e-08
2500 5.078365e-08
2501 4.989114e-08
2502 4.928180e-08
2503 4.888328e-08
2504 4.863175e-08
2505 7.825739e-08
2506 7.674342e-08
2507 7.565839e-08
2508 7.491761e-08
2509 7.443312e-08
2510 7.412734e-08
2511 1.228227e-07
2512 1.209178e-07
2513 1.195526e-07
2514 1.186205e-07
2515 1.180109e-07
2516 1.176262e-07
2517 2.042211e-07
2518 2.017048e-07
2519 1.999014e-07
2520 1.986702e-07
2521 1.978649e-07
2522 1.973567e-07
2523 2.127150e-08
2524 2.031403e-08
2525 1.962689e-08
2526 1.915715e-08
2527 1.884960e-08
2528 1.865532e-08
2529 2.971333e-08
2530 2.861789e-08
2531 2.783174e-08
2532 2.729432e-08
2533 2.694245e-08
2534 2.672018e-08
2535 4.295304e-08
2536 4.167220e-08
2537 4.075300e-08
2538 4.012461e-08
2539 3.971319e-08
2540 3.945329e-08
2541 6.389897e-08
2542 6.236705e-08
2543 6.126766e-08
2544 6.051609e-08
2545 6.002402e-08
2546 5.971317e-08
2547 9.609733e-08
2548 9.423496e-08
2549 9.289842e-08
2550 9.198473e-08
2551 9.138651e-08
2552 9.100862e-08
2553 1.507915e-07
2554 1.484482e-07
2555 1.467665e-07
2556 1.456169e-07
2557 1.448642e-07
2558 1.443887e-07
2559 2.506661e-07
2560 2.475708e-07
2561 2.453493e-07
2562 2.438307e-07
2563 2.428365e-07
2564 2.422084e-07
2565 2.454072e-08
2566 2.343531e-08
2567 2.264137e-08
2568 2.209821e-08
2569 2.174236e-08
2570 2.151746e-08
2571 3.427745e-08
2572 3.301276e-08
2573 3.210441e-08
2574 3.148299e-08
2575 3.107586e-08
2576 3.081855e-08
2577 4.954699e-08
2578 4.806825e-08
2579 4.700617e-08
2580 4.627956e-08
2581 4.580353e-08
2582 4.550267e-08
2583 7.370296e-08
2584 7.193434e-08
2585 7.066406e-08
2586 6.979502e-08
2587 6.922567e-08
2588 6.886584e-08
2589 1.108322e-07
2590 1.086820e-07
2591 1.071378e-07
2592 1.060813e-07
2593 1.053891e-07
2594 1.049516e-07
2595 1.738922e-07
2596 1.711868e-07
2597 1.692437e-07
2598 1.679144e-07
2599 1.670435e-07
2600 1.664931e-07
2601 2.890271e-07
2602 2.854535e-07
2603 2.828868e-07
2604 2.811308e-07
2605 2.799804e-07
2606 2.792534e-07
2607 2.736245e-08
2608 2.612935e-08
2609 2.524322e-08
2610 2.463669e-08
2611 2.423915e-08
2612 2.398782e-08
2613 3.821682e-08
2614 3.680604e-08
2615 3.579223e-08
2616 3.509830e-08
2617 3.464348e-08
2618 3.435594e-08
2619 5.523835e-08
2620 5.358879e-08
2621 5.240339e-08
2622 5.159201e-08
2623 5.106021e-08
2624 5.072400e-08
2625 8.216496e-08
2626 8.019204e-08
2627 7.877427e-08
2628 7.780384e-08
2629 7.716779e-08
2630 7.676567e-08
2631 1.235501e-07
2632 1.211516e-07
2633 1.194280e-07
2634 1.182482e-07
2635 1.174750e-07
2636 1.169861e-07
2637 1.938308e-07
2638 1.908129e-07
2639 1.886442e-07
2640 1.871598e-07
2641 1.861869e-07
2642 1.855718e-07
2643 3.221372e-07
2644 3.181508e-07
2645 3.152861e-07
2646 3.133252e-07
2647 3.120401e-07
2648 3.112275e-07
2649 3.002727e-08
2650 2.867358e-08
2651 2.770040e-08
2652 2.703401e-08
2653 2.659711e-08
2654 2.632082e-08
2655 4.193716e-08
2656 4.038841e-08
2657 3.927499e-08
2658 3.851259e-08
2659 3.801274e-08
2660 3.769663e-08
2661 6.061325e-08
2662 5.880237e-08
2663 5.750051e-08
2664 5.660907e-08
2665 5.602461e-08
2666 5.565500e-08
2667 9.015645e-08
2668 8.799058e-08
2669 8.643352e-08
2670 8.536733e-08
2671 8.466830e-08
2672 8.422624e-08
2673 1.355608e-07
2674 1.329278e-07
2675 1.310349e-07
2676 1.297387e-07
2677 1.288889e-07
2678 1.283514e-07
2679 2.126608e-07
2680 2.093478e-07
2681 2.069660e-07
2682 2.053351e-07
2683 2.042658e-07
2684 2.035897e-07
2685 3.534063e-07
2686 3.490300e-07
2687 3.458838e-07
2688 3.437295e-07
2689 3.423171e-07
2690 3.414239e-07
2691 3.316175e-08
2692 3.166621e-08
2693 3.059062e-08
2694 2.985384e-08
2695 2.937063e-08
2696 2.906498e-08
2697 4.631315e-08
2698 4.460212e-08
2699 4.337155e-08
2700 4.252861e-08
2701 4.197577e-08
2702 4.162608e-08
2703 6.693541e-08
2704 6.493478e-08
2705 6.349593e-08
2706 6.251032e-08
2707 6.186392e-08
2708 6.145503e-08
2709 9.955633e-08
2710 9.716353e-08
2711 9.544262e-08
2712 9.426380e-08
2713 9.349068e-08
2714 9.300165e-08
2715 1.496884e-07
2716 1.467794e-07
2717 1.446873e-07
2718 1.432542e-07
2719 1.423143e-07
2720 1.417198e-07
2721 2.348093e-07
2722 2.311491e-07
2723 2.285167e-07
2724 2.267136e-07
2725 2.255310e-07
2726 2.247829e-07
2727 3.901862e-07
2728 3.853513e-07
2729 3.818741e-07
2730 3.794922e-07
2731 3.779300e-07
2732 3.769419e-07
2733 1.076690e-08
2734 1.021448e-08
2735 9.791291e-09
2736 9.480556e-09
2737 9.263030e-09
2738 9.117624e-09
2739 1.489690e-08
2740 1.426185e-08
2741 1.377536e-08
2742 1.341814e-08
2743 1.316808e-08
2744 1.300092e-08
2745 2.131701e-08
2746 2.057142e-08
2747 2.000024e-08
2748 1.958083e-08
2749 1.928724e-08
2750 1.909098e-08
2751 3.140502e-08
2752 3.051011e-08
2753 2.982453e-08
2754 2.932113e-08
2755 2.896874e-08
2756 2.873318e-08
2757 4.672542e-08
2758 4.563555e-08
2759 4.480062e-08
2760 4.418756e-08
2761 4.375840e-08
2762 4.347153e-08
2763 7.226743e-08
2764 7.089782e-08
2765 6.984859e-08
2766 6.907817e-08
2767 6.853885e-08
2768 6.817834e-08
2769 1.181917e-07
2770 1.163892e-07
2771 1.150084e-07
2772 1.139945e-07
2773 1.132848e-07
2774 1.128103e-07
2775 1.457608e-08
2776 1.382958e-08
2777 1.325720e-08
2778 1.283642e-08
2779 1.254147e-08
2780 1.234406e-08
2781 2.016604e-08
2782 1.930787e-08
2783 1.864988e-08
2784 1.816616e-08
2785 1.782708e-08
2786 1.760015e-08
2787 2.885452e-08
2788 2.784695e-08
2789 2.707442e-08
2790 2.650649e-08
2791 2.610838e-08
2792 2.584195e-08
2793 4.250550e-08
2794 4.129615e-08
2795 4.036889e-08
2796 3.968722e-08
2797 3.920939e-08
2798 3.888959e-08
2799 6.323243e-08
2800 6.175963e-08
2801 6.063038e-08
2802 5.980021e-08
2803 5.921829e-08
2804 5.882882e-08
2805 9.777605e-08
2806 9.592521e-08
2807 9.450611e-08
2808 9.346286e-08
2809 9.273157e-08
2810 9.224213e-08
2811 1.598681e-07
2812 1.574323e-07
2813 1.555648e-07
2814 1.541918e-07
2815 1.532294e-07
2816 1.525853e-07
2817 1.787258e-08
2818 1.695811e-08
2819 1.625664e-08
2820 1.574063e-08
2821 1.537866e-08
2822 1.513625e-08
2823 2.472597e-08
2824 2.367472e-08
2825 2.286832e-08
2826 2.227512e-08
2827 2.185901e-08
2828 2.158034e-08
2829 3.537748e-08
2830 3.414322e-08
2831 3.319644e-08
2832 3.249997e-08
2833 3.201142e-08
2834 3.168424e-08
2835 5.211183e-08
2836 5.063038e-08
2837 4.949398e-08
2838 4.865803e-08
2839 4.807164e-08
2840 4.767893e-08
2841 7.751749e-08
2842 7.571332e-08
2843 7.432937e-08
2844 7.331131e-08
2845 7.259718e-08
2846 7.211892e-08
2847 1.198508e-07
2848 1.175836e-07
2849 1.158444e-07
2850 1.145650e-07
2851 1.136676e-07
2852 1.130666e-07
2853 1.959339e-07
2854 1.929501e-07
2855 1.906613e-07
2856 1.889777e-07
2857 1.877966e-07
2858 1.870057e-07
2859 2.098652e-08
2860 1.991340e-08
2861 1.908998e-08
2862 1.848400e-08
2863 1.805874e-08
2864 1.777382e-08
2865 2.903340e-08
2866 2.779976e-08
2867 2.685317e-08
2868 2.615655e-08
2869 2.566767e-08
2870 2.534013e-08
2871 4.153922e-08
2872 4.009083e-08
2873 3.897945e-08
2874 3.816156e-08
2875 3.758758e-08
2876 3.720301e-08
2877 6.118619e-08
2878 5.944772e-08
2879 5.811376e-08
2880 5.713207e-08
2881 5.644314e-08
2882 5.598156e-08
2883 9.101150e-08
2884 8.889431e-08
2885 8.726976e-08
2886 8.607422e-08
2887 8.523520e-08
2888 8.467307e-08
2889 1.407032e-07
2890 1.380426e-07
2891 1.360011e-07
2892 1.344987e-07
2893 1.334443e-07
2894 1.327379e-07
2895 2.300025e-07
2896 2.265011e-07
2897 2.238144e-07
2898 2.218372e-07
2899 2.204496e-07
2900 2.195199e-07
2901 2.464847e-08
2902 2.338877e-08
2903 2.242194e-08
2904 2.171018e-08
2905 2.121047e-08
2906 2.087555e-08
2907 3.409886e-08
2908 3.265074e-08
2909 3.153928e-08
2910 3.072105e-08
2911 3.014660e-08
2912 2.976158e-08
2913 4.878534e-08
2914 4.708512e-08
2915 4.578018e-08
2916 4.481950e-08
2917 4.414505e-08
2918 4.369300e-08
2919 7.185751e-08
2920 6.981677e-08
2921 6.825049e-08
2922 6.709742e-08
2923 6.628789e-08
2924 6.574531e-08
2925 1.068802e-07
2926 1.043950e-07
2927 1.024875e-07
2928 1.010832e-07
2929 1.000973e-07
2930 9.943655e-08
2931 1.652253e-07
2932 1.621021e-07
2933 1.597050e-07
2934 1.579403e-07
2935 1.567014e-07
2936 1.558710e-07
2937 2.700667e-07
2938 2.659565e-07
2939 2.628019e-07
2940 2.604795e-07
2941 2.588490e-07
2942 2.577562e-07
2943 7.628860e-09
2944 7.226176e-09
2945 6.909555e-09
2946 6.666786e-09
2947 6.487341e-09
2948 6.360457e-09
2949 1.049099e-08
2950 1.002639e-08
2951 9.661091e-09
2952 9.380997e-09
2953 9.173964e-09
2954 9.027571e-09
2955 1.490219e-08
2956 1.435518e-08
2957 1.392508e-08
2958 1.359530e-08
2959 1.335155e-08
2960 1.317919e-08
2961 2.179013e-08
2962 2.113212e-08
2963 2.061475e-08
2964 2.021805e-08
2965 1.992483e-08
2966 1.971749e-08
2967 3.212350e-08
2968 3.132182e-08
2969 3.069148e-08
2970 3.020817e-08
2971 2.985093e-08
2972 2.959832e-08
2973 4.903343e-08
2974 4.802853e-08
2975 4.723840e-08
2976 4.663256e-08
2977 4.618476e-08
2978 4.586812e-08
2979 7.902640e-08
2980 7.770993e-08
2981 7.667483e-08
2982 7.588116e-08
2983 7.529452e-08
2984 7.487970e-08
2985 1.132377e-08
2986 1.072780e-08
2987 1.025909e-08
2988 9.899493e-09
2989 9.633435e-09
2990 9.445083e-09
2991 1.557208e-08
2992 1.488447e-08
2993 1.434370e-08
2994 1.392882e-08
2995 1.362185e-08
2996 1.340454e-08
2997 2.211875e-08
2998 2.130918e-08
2999 2.067249e-08
3000 2.018401e-08
3001 1.982260e-08
3002 1.956674e-08
3003 3.234019e-08
3004 3.136633e-08
3005 3.060045e-08
3006 3.001284e-08
3007 2.957809e-08
3008 2.927031e-08
3009 4.767078e-08
3010 4.648429e-08
3011 4.555118e-08
3012 4.483528e-08
3013 4.430560e-08
3014 4.393062e-08
3015 7.274861e-08
3016 7.126135e-08
3017 7.009169e-08
3018 6.919430e-08
3019 6.853035e-08
3020 6.806031e-08
3021 1.172173e-07
3022 1.152689e-07
3023 1.137366e-07
3024 1.125610e-07
3025 1.116912e-07
3026 1.110754e-07
3027 1.483417e-08
3028 1.405460e-08
3029 1.344143e-08
3030 1.297085e-08
3031 1.262251e-08
3032 1.237576e-08
3033 2.039943e-08
3034 1.949999e-08
3035 1.879256e-08
3036 1.824963e-08
3037 1.784773e-08
3038 1.756305e-08
3039 2.897493e-08
3040 2.791595e-08
3041 2.708303e-08
3042 2.644379e-08
3043 2.597061e-08
3044 2.563542e-08
3045 4.236333e-08
3046 4.108946e-08
3047 4.008752e-08
3048 3.931857e-08
3049 3.874936e-08
3050 3.834616e-08
3051 6.244144e-08
3052 6.088943e-08
3053 5.966873e-08
3054 5.873188e-08
3055 5.803839e-08
3056 5.754716e-08
3057 9.527882e-08
3058 9.333337e-08
3059 9.180321e-08
3060 9.062887e-08
3061 8.975958e-08
3062 8.914382e-08
3063 1.534992e-07
3064 1.509506e-07
3065 1.489460e-07
3066 1.474076e-07
3067 1.462688e-07
3068 1.454621e-07
3069 1.896265e-08
3070 1.796714e-08
3071 1.718408e-08
3072 1.658298e-08
3073 1.613788e-08
3074 1.582245e-08
3075 2.607673e-08
3076 2.492817e-08
3077 2.402472e-08
3078 2.333120e-08
3079 2.281766e-08
3080 2.245374e-08
3081 3.703826e-08
3082 3.568597e-08
3083 3.462226e-08
3084 3.380573e-08
3085 3.320109e-08
3086 3.277262e-08
3087 5.415125e-08
3088 5.252454e-08
3089 5.124498e-08
3090 5.026275e-08
3091 4.953543e-08
3092 4.902000e-08
3093 7.981276e-08
3094 7.783088e-08
3095 7.627194e-08
3096 7.507525e-08
3097 7.418912e-08
3098 7.356115e-08
3099 1.217759e-07
3100 1.192916e-07
3101 1.173375e-07
3102 1.158374e-07
3103 1.147266e-07
3104 1.139395e-07
3105 1.961692e-07
3106 1.929147e-07
3107 1.903547e-07
3108 1.883895e-07
3109 1.869344e-07
3110 1.859032e-07
